{
 "metadata": {
  "name": "tarea 1 cc2.ipynb",
  "signature": "sha256:80344d6e54b01ae9ae1564a475d12917881c73695f3b1fdddaae1db7b711f1e4"
 },
 "nbformat": 3,
 "nbformat_minor": 0,
 "worksheets": [
  {
   "cells": [
    {
     "cell_type": "heading",
     "level": 1,
     "metadata": {},
     "source": [
      "Introduccion"
     ]
    },
    {
     "cell_type": "markdown",
     "metadata": {},
     "source": [
      "En el presente informe se realizaran modificaciones a algoritmos  conocidos para poder obtener los valore y vectores propios  no totalmente dominantes.\n",
      "Tambi\u00e9n se utilizaran estos algoritmos para analizar diferentes matrices a modo de lograr una mejor comprensi\u00f3n de los datos.\n",
      "Por \u00faltimo se analizar\u00e1  los valores propios de una gran matriz para as\u00ed poder compararlos y analizarlos correctamente"
     ]
    },
    {
     "cell_type": "heading",
     "level": 2,
     "metadata": {},
     "source": [
      "Latex"
     ]
    },
    {
     "cell_type": "markdown",
     "metadata": {},
     "source": [
      "\\begin{align*}\n",
      "c = \\int_a^b f(x) dx & \\approx \\sum f(x_i) \\Delta x\n",
      "\\end{align*}\n",
      "$$a_{b_{c}}$$"
     ]
    },
    {
     "cell_type": "markdown",
     "metadata": {},
     "source": [
      "Inicialmente de definen las librerias a usar"
     ]
    },
    {
     "cell_type": "code",
     "collapsed": false,
     "input": [
      "from  numpy import  *\n",
      "import numpy as np\n",
      "from scipy import *\n",
      "from matplotlib import *\n",
      "from numpy.linalg import norm, solve\n"
     ],
     "language": "python",
     "metadata": {},
     "outputs": [],
     "prompt_number": 2
    },
    {
     "cell_type": "markdown",
     "metadata": {},
     "source": [
      "Luego se crean las funciones a utilizar "
     ]
    },
    {
     "cell_type": "code",
     "collapsed": false,
     "input": [
      "def crear_matriz():\n",
      "    matriz1 =[]\n",
      "    file = open('associations.dat', 'r')\n",
      "    i=0\n",
      "    for linea in file:\n",
      "        if linea[-1] == '\\n':\n",
      "\t\tlinea = linea[:-1]\n",
      "        linea = linea.split(':')\n",
      "        matriz1.append(float(linea[2]))\n",
      "        i=i+1\n",
      "    matriz=np.array(matriz1)\n",
      "    matriz=np.reshape(matriz,(20,40))\n",
      "    return matriz"
     ],
     "language": "python",
     "metadata": {},
     "outputs": [],
     "prompt_number": 3
    },
    {
     "cell_type": "code",
     "collapsed": false,
     "input": [
      "def pregunta1(matriz):\n",
      "    matriz_transpuesta=matriz.transpose()\n",
      "    matriz_a=np.dot(matriz,matriz_transpuesta)\n",
      "    return matriz_a"
     ],
     "language": "python",
     "metadata": {},
     "outputs": [],
     "prompt_number": 4
    },
    {
     "cell_type": "code",
     "collapsed": false,
     "input": [
      "def initial():\n",
      "    x=np.ones((20))\n",
      "    return x"
     ],
     "language": "python",
     "metadata": {},
     "outputs": [],
     "prompt_number": 5
    },
    {
     "cell_type": "markdown",
     "metadata": {},
     "source": [
      "El algoritmo de Powe Iteration"
     ]
    },
    {
     "cell_type": "code",
     "collapsed": false,
     "input": [
      "def power(x,a):\n",
      "    val_prop_ant=0\n",
      "    val_prop=1\n",
      "    while val_prop!= val_prop_ant:\n",
      "        val_prop_ant=val_prop\n",
      "        u =x/norm(x)\n",
      "        x=np.dot(a,u)\n",
      "        val_prop=float(np.dot(np.dot(u.T,a),u))\n",
      "    u=x/norm(x)\n",
      "    print(\"el valor propios es:\",val_prop)\n",
      "    print(\"el vector propio es:\",u)"
     ],
     "language": "python",
     "metadata": {},
     "outputs": [],
     "prompt_number": 6
    },
    {
     "cell_type": "markdown",
     "metadata": {},
     "source": [
      "El algoritmo de Rayleigh"
     ]
    },
    {
     "cell_type": "code",
     "collapsed": false,
     "input": [
      "def rayleigh(x,a):\n",
      "    val_prop_ant=0\n",
      "    val_prop=1\n",
      "    while val_prop!= val_prop_ant:\n",
      "        val_prop_ant=val_prop\n",
      "        u =x/norm(x)\n",
      "        val_prop=float(np.dot(np.dot(u.T,a),u))\n",
      "        x = solve(a -val_prop*np.eye(*a.shape), u)\n",
      "    u=x/norm(x)\n",
      "    print(\"el valor propios es:\",val_prop)\n",
      "    print(\"el vector propio es:\",u)"
     ],
     "language": "python",
     "metadata": {},
     "outputs": [],
     "prompt_number": 7
    },
    {
     "cell_type": "markdown",
     "metadata": {},
     "source": [
      "El algoritmo de QR"
     ]
    },
    {
     "cell_type": "code",
     "collapsed": false,
     "input": [
      "def unshiftedqr(A,k):\n",
      "    m = A.shape[0]\n",
      "    Q = eye(m)\n",
      "    Qbar = Q.copy(); R = A.copy()\n",
      "    for j in range(k):\n",
      "        Q,R = linalg.qr( dot(R,Q) )\t# QR factorization\n",
      "        Qbar = dot(Qbar,Q)\n",
      "    lam = diag( dot(R,Q) )\t# Rayleigh quotient\n",
      "    print(\"El primer valor propios es:\",lam[0])\n",
      "    print(\"El segundo valor propios es:\",lam[1])\n",
      "    print(\"El primer vector propio es:\",Qbar[0])\n",
      "    print(\"El segundo vector propio es:\",Qbar[1])\n",
      "    return lam,Qbar"
     ],
     "language": "python",
     "metadata": {},
     "outputs": [],
     "prompt_number": 8
    },
    {
     "cell_type": "code",
     "collapsed": false,
     "input": [
      "def matriz5():\n",
      "    matriz=np.random.rand(5,5)\n",
      "    return matriz\n",
      "\n",
      "def matriz10():\n",
      "    matriz=np.random.rand(10,10)\n",
      "    return matriz"
     ],
     "language": "python",
     "metadata": {},
     "outputs": [],
     "prompt_number": 9
    },
    {
     "cell_type": "markdown",
     "metadata": {},
     "source": [
      "Ahora se escribe la funcion main para la pregunta 2"
     ]
    },
    {
     "cell_type": "markdown",
     "metadata": {},
     "source": [
      "Se  realizo el calculo de:\n",
      "$$A= TT^{t}$$\n",
      "    "
     ]
    },
    {
     "cell_type": "code",
     "collapsed": false,
     "input": [
      "matriz=crear_matriz()\n",
      "matriz_a=pregunta1(matriz)#es la pregunta 2 realmente\n",
      "print(\"La matriz resultante es:\\n\")\n",
      "matriz_a\n"
     ],
     "language": "python",
     "metadata": {},
     "outputs": [
      {
       "output_type": "stream",
       "stream": "stdout",
       "text": [
        "La matriz resultante es:\n",
        "\n"
       ]
      },
      {
       "metadata": {},
       "output_type": "pyout",
       "prompt_number": 10,
       "text": [
        "array([[ 12.7943,   9.0242,   9.0923,  10.8652,   8.6604,   8.9341,\n",
        "          6.5409,   8.7432,   9.2372,  10.5989,   9.7176,  11.3259,\n",
        "          8.5641,   8.023 ,  10.7491,   8.9256,   9.9767,   8.4728,\n",
        "          8.5361,   8.416 ],\n",
        "       [  9.0242,  10.8921,   9.5765,   9.9891,   8.0403,   8.2214,\n",
        "          8.285 ,   8.4901,   9.0253,  10.1035,   9.3619,  10.4082,\n",
        "          8.4423,   8.1421,  10.5041,   8.2079,   9.5185,   9.4467,\n",
        "          9.7573,   7.4358],\n",
        "       [  9.0923,   9.5765,  11.9595,  11.0017,   7.8064,   8.1928,\n",
        "          8.8145,   8.7001,   9.5828,   9.8407,  10.3841,  11.1441,\n",
        "          8.9244,   8.447 ,  10.0439,   8.0863,  10.4443,   9.8616,\n",
        "         10.6146,   8.1375],\n",
        "       [ 10.8652,   9.9891,  11.0017,  15.6869,   9.3692,   9.6168,\n",
        "          8.4605,  10.1044,  10.4037,  11.1191,  10.8724,  13.2125,\n",
        "          9.8129,   9.3293,  13.0497,  10.5652,  11.6606,  11.534 ,\n",
        "         10.4449,   8.5949],\n",
        "       [  8.6604,   8.0403,   7.8064,   9.3692,   9.8921,   8.29  ,\n",
        "          6.8623,   7.4561,   8.6533,   8.2021,   8.3274,  10.3938,\n",
        "          7.231 ,   7.3529,   9.3156,   7.0508,   8.3703,   8.1768,\n",
        "          7.7725,   6.8802],\n",
        "       [  8.9341,   8.2214,   8.1928,   9.6168,   8.29  ,  11.3362,\n",
        "          7.259 ,   7.2033,  10.4555,   8.98  ,   8.4034,   9.9924,\n",
        "          8.8212,   7.2139,  10.2594,   7.6667,   8.8753,   8.3386,\n",
        "          8.2973,   6.5899],\n",
        "       [  6.5409,   8.285 ,   8.8145,   8.4605,   6.8623,   7.259 ,\n",
        "         10.1876,   6.7589,   8.3523,   9.0561,   8.2633,   8.7983,\n",
        "          7.1625,   6.3909,   8.2395,   6.5545,   7.7245,   7.4736,\n",
        "          8.8034,   7.0719],\n",
        "       [  8.7432,   8.4901,   8.7001,  10.1044,   7.4561,   7.2033,\n",
        "          6.7589,  12.0742,   8.2854,   9.2541,   9.4578,  11.0541,\n",
        "          7.9859,   7.8073,   9.472 ,   8.2592,   9.0297,   9.3393,\n",
        "          8.794 ,   6.695 ],\n",
        "       [  9.2372,   9.0253,   9.5828,  10.4037,   8.6533,  10.4555,\n",
        "          8.3523,   8.2854,  13.3332,  10.1151,   9.8848,  11.8617,\n",
        "          9.3951,   7.6916,  11.2807,   8.7069,   8.7687,   9.8141,\n",
        "         10.2786,   7.1206],\n",
        "       [ 10.5989,  10.1035,   9.8407,  11.1191,   8.2021,   8.98  ,\n",
        "          9.0561,   9.2541,  10.1151,  14.0962,   9.9436,  11.797 ,\n",
        "          9.706 ,   7.9442,  11.2144,   9.4699,  10.4093,  10.4491,\n",
        "         10.1776,   9.4629],\n",
        "       [  9.7176,   9.3619,  10.3841,  10.8724,   8.3274,   8.4034,\n",
        "          8.2633,   9.4578,   9.8848,   9.9436,  13.4573,  12.298 ,\n",
        "          8.0622,   8.3142,  10.84  ,   7.9867,   9.1905,   9.2417,\n",
        "          9.8678,   8.8609],\n",
        "       [ 11.3259,  10.4082,  11.1441,  13.2125,  10.3938,   9.9924,\n",
        "          8.7983,  11.0541,  11.8617,  11.797 ,  12.298 ,  17.7909,\n",
        "          9.9574,  11.1826,  13.411 ,   9.5729,  12.0023,  12.0659,\n",
        "         11.2274,  10.0613],\n",
        "       [  8.5641,   8.4423,   8.9244,   9.8129,   7.231 ,   8.8212,\n",
        "          7.1625,   7.9859,   9.3951,   9.706 ,   8.0622,   9.9574,\n",
        "         11.4782,   7.3812,   8.5724,   7.413 ,   8.82  ,   8.5936,\n",
        "          8.7586,   6.4897],\n",
        "       [  8.023 ,   8.1421,   8.447 ,   9.3293,   7.3529,   7.2139,\n",
        "          6.3909,   7.8073,   7.6916,   7.9442,   8.3142,  11.1826,\n",
        "          7.3812,  10.363 ,   9.4373,   8.1947,   8.7987,   8.7559,\n",
        "          8.0366,   6.9805],\n",
        "       [ 10.7491,  10.5041,  10.0439,  13.0497,   9.3156,  10.2594,\n",
        "          8.2395,   9.472 ,  11.2807,  11.2144,  10.84  ,  13.411 ,\n",
        "          8.5724,   9.4373,  15.8023,  11.2718,  11.12  ,  11.0231,\n",
        "         10.3462,   8.9264],\n",
        "       [  8.9256,   8.2079,   8.0863,  10.5652,   7.0508,   7.6667,\n",
        "          6.5545,   8.2592,   8.7069,   9.4699,   7.9867,   9.5729,\n",
        "          7.413 ,   8.1947,  11.2718,  12.1214,   8.3934,   9.41  ,\n",
        "          8.3546,   7.0697],\n",
        "       [  9.9767,   9.5185,  10.4443,  11.6606,   8.3703,   8.8753,\n",
        "          7.7245,   9.0297,   8.7687,  10.4093,   9.1905,  12.0023,\n",
        "          8.82  ,   8.7987,  11.12  ,   8.3934,  13.3041,  10.5868,\n",
        "          9.4641,   8.9391],\n",
        "       [  8.4728,   9.4467,   9.8616,  11.534 ,   8.1768,   8.3386,\n",
        "          7.4736,   9.3393,   9.8141,  10.4491,   9.2417,  12.0659,\n",
        "          8.5936,   8.7559,  11.0231,   9.41  ,  10.5868,  13.0474,\n",
        "         10.1941,   8.5959],\n",
        "       [  8.5361,   9.7573,  10.6146,  10.4449,   7.7725,   8.2973,\n",
        "          8.8034,   8.794 ,  10.2786,  10.1776,   9.8678,  11.2274,\n",
        "          8.7586,   8.0366,  10.3462,   8.3546,   9.4641,  10.1941,\n",
        "         12.5584,   7.3752],\n",
        "       [  8.416 ,   7.4358,   8.1375,   8.5949,   6.8802,   6.5899,\n",
        "          7.0719,   6.695 ,   7.1206,   9.4629,   8.8609,  10.0613,\n",
        "          6.4897,   6.9805,   8.9264,   7.0697,   8.9391,   8.5959,\n",
        "          7.3752,  10.2639]])"
       ]
      }
     ],
     "prompt_number": 10
    },
    {
     "cell_type": "markdown",
     "metadata": {},
     "source": [
      "Para la siguiente pregunta  se analizara el caso de la matriz de 5X5"
     ]
    },
    {
     "cell_type": "code",
     "collapsed": false,
     "input": [
      "x0=np.ones((5,1))\n",
      "matriz=matriz5()\n",
      "print(\"Para el algoritmo de power iteration  los siguientes son sus resultados\")\n",
      "power(x0,matriz)\n",
      "print(\"Para el algoritmo de rayleigh  los siguientes son sus resultados\")\n",
      "rayleigh(x0,matriz)\n",
      "print(\"Para el algoritmo de unshifted qr  los siguientes son sus resultados\")\n",
      "unshiftedqr(matriz,6)\n"
     ],
     "language": "python",
     "metadata": {},
     "outputs": [
      {
       "output_type": "stream",
       "stream": "stdout",
       "text": [
        "Para el algoritmo de power iteration  los siguientes son sus resultados\n",
        "('el valor propios es:', 2.7128850802498023)\n",
        "('el vector propio es:', array([[ 0.25262171],\n",
        "       [ 0.43523346],\n",
        "       [ 0.32579973],\n",
        "       [ 0.50961915],\n",
        "       [ 0.61716851]]))\n",
        "Para el algoritmo de rayleigh  los siguientes son sus resultados\n",
        "('el valor propios es:', 2.7128850802498032)"
       ]
      },
      {
       "output_type": "stream",
       "stream": "stdout",
       "text": [
        "\n",
        "('el vector propio es:', array([[ 0.25262171],\n",
        "       [ 0.43523346],\n",
        "       [ 0.32579973],\n",
        "       [ 0.50961915],\n",
        "       [ 0.61716851]]))\n",
        "Para el algoritmo de unshifted qr  los siguientes son sus resultados\n",
        "('El primer valor propios es:', 2.712406046158228)\n",
        "('El segundo valor propios es:', -0.84313745958736452)\n",
        "('El primer vector propio es:', array([ 0.25258713, -0.01680074,  0.05111008,  0.2827628 , -0.92376969]))\n",
        "('El segundo vector propio es:', array([ 0.43402527, -0.48047658,  0.69082583, -0.31416171,  0.06947238]))\n"
       ]
      },
      {
       "metadata": {},
       "output_type": "pyout",
       "prompt_number": 11,
       "text": [
        "(array([ 2.71240605, -0.84313746,  0.60553155, -0.04325011,  0.00883285]),\n",
        " array([[ 0.25258713, -0.01680074,  0.05111008,  0.2827628 , -0.92376969],\n",
        "       [ 0.43402527, -0.48047658,  0.69082583, -0.31416171,  0.06947238],\n",
        "       [ 0.32552355, -0.10520729,  0.07921049,  0.86438996,  0.359891  ],\n",
        "       [ 0.51181322,  0.82327995,  0.1755597 , -0.14608831,  0.08996859],\n",
        "       [ 0.61636308, -0.28284544, -0.69501937, -0.22986044,  0.06486348]]))"
       ]
      }
     ],
     "prompt_number": 11
    },
    {
     "cell_type": "markdown",
     "metadata": {},
     "source": [
      "Para la siguiente pregunta se analiza el caso de una matriz de 10X10"
     ]
    },
    {
     "cell_type": "code",
     "collapsed": false,
     "input": [
      "x00=np.ones((10,1))\n",
      "matriz1=matriz10()\n",
      "print(\"Para el algoritmo de power iteration  los siguientes son sus resultados\")\n",
      "power(x00,matriz1)\n",
      "print(\"Para el algoritmo de rayleigh  los siguientes son sus resultados\")\n",
      "rayleigh(x00,matriz1)\n",
      "print(\"Para el algoritmo de unshifted qr  los siguientes son sus resultados\")\n",
      "unshiftedqr(matriz1,6)"
     ],
     "language": "python",
     "metadata": {},
     "outputs": [
      {
       "output_type": "stream",
       "stream": "stdout",
       "text": [
        "Para el algoritmo de power iteration  los siguientes son sus resultados\n",
        "('el valor propios es:', 5.081013405613053)\n",
        "('el vector propio es:', array([[ 0.33276439],\n",
        "       [ 0.27243722],\n",
        "       [ 0.27394106],\n",
        "       [ 0.38090855],\n",
        "       [ 0.38556903],\n",
        "       [ 0.29170674],\n",
        "       [ 0.31987054],\n",
        "       [ 0.38682222],\n",
        "       [ 0.16213234],\n",
        "       [ 0.28795661]]))\n",
        "Para el algoritmo de rayleigh  los siguientes son sus resultados\n",
        "('el valor propios es:', 5.081013405613052)\n",
        "('el vector propio es:', array([[ 0.33276439],\n",
        "       [ 0.27243722],\n",
        "       [ 0.27394106],\n",
        "       [ 0.38090855],\n",
        "       [ 0.38556903],\n",
        "       [ 0.29170674],\n",
        "       [ 0.31987054],\n",
        "       [ 0.38682222],\n",
        "       [ 0.16213234],\n",
        "       [ 0.28795661]]))\n",
        "Para el algoritmo de unshifted qr  los siguientes son sus resultados\n",
        "('El primer valor propios es:', 5.0810226484310634)\n",
        "('El segundo valor propios es:', -0.68887070200544898)\n",
        "('El primer vector propio es:', array([ 0.3327494 , -0.21784235,  0.27266764, -0.02374381,  0.15067831,\n",
        "       -0.15430944,  0.5079563 ,  0.53639305,  0.41616687, -0.03825987]))\n",
        "('El segundo vector propio es:', array([ 0.27242766,  0.01545038,  0.29059017, -0.03946487, -0.14136384,\n",
        "        0.21804122,  0.34089095,  0.08673335, -0.77977174,  0.20061244]))\n"
       ]
      },
      {
       "metadata": {},
       "output_type": "pyout",
       "prompt_number": 12,
       "text": [
        "(array([ 5.08102265, -0.6888707 , -0.22253749,  0.21424445,  0.63403888,\n",
        "        0.44734569, -0.18393494, -0.3512921 ,  0.25113595,  0.21832433]),\n",
        " array([[ 0.3327494 , -0.21784235,  0.27266764, -0.02374381,  0.15067831,\n",
        "        -0.15430944,  0.5079563 ,  0.53639305,  0.41616687, -0.03825987],\n",
        "       [ 0.27242766,  0.01545038,  0.29059017, -0.03946487, -0.14136384,\n",
        "         0.21804122,  0.34089095,  0.08673335, -0.77977174,  0.20061244],\n",
        "       [ 0.27390043, -0.39672028,  0.19215943, -0.40852538, -0.42680498,\n",
        "         0.36380382, -0.12948951, -0.26534256,  0.18051692, -0.35985701],\n",
        "       [ 0.38094525,  0.3468187 , -0.22625429,  0.50027567, -0.36086491,\n",
        "        -0.07217029,  0.34275499, -0.31736808,  0.12510195, -0.25267518],\n",
        "       [ 0.38558198,  0.54520044,  0.11888674, -0.22022664, -0.14370459,\n",
        "        -0.19398188, -0.5028922 ,  0.39465297, -0.04198632, -0.150847  ],\n",
        "       [ 0.29170748, -0.42413209, -0.6617162 ,  0.12596902, -0.21989961,\n",
        "         0.03113052, -0.2000638 ,  0.34014948, -0.09370191,  0.25971137],\n",
        "       [ 0.3198618 , -0.37517578,  0.09496659,  0.18353468,  0.42331461,\n",
        "        -0.46368939, -0.21608153, -0.23917611, -0.29044031, -0.36300523],\n",
        "       [ 0.38681638,  0.06216325,  0.04344187, -0.28640135,  0.08191115,\n",
        "        -0.23713724, -0.00447037, -0.44932462,  0.20744887,  0.67431799],\n",
        "       [ 0.16213569, -0.05965949,  0.40558934,  0.60095841,  0.11319039,\n",
        "         0.44308359, -0.37793897,  0.02688898,  0.1800361 ,  0.2437007 ],\n",
        "       [ 0.28797066,  0.22208974, -0.35451729, -0.19869661,  0.61416832,\n",
        "         0.53378065,  0.09513185, -0.04855073,  0.01333484, -0.16993124]]))"
       ]
      }
     ],
     "prompt_number": 12
    },
    {
     "cell_type": "markdown",
     "metadata": {},
     "source": [
      "hacer conclucion  de porque algunos son  negativos y eso se da por alternancia enlas iteraciones"
     ]
    },
    {
     "cell_type": "markdown",
     "metadata": {},
     "source": [
      "Ahora se aplicara  las 3 tecnicas a la matriz a"
     ]
    },
    {
     "cell_type": "code",
     "collapsed": false,
     "input": [
      "t= initial()\n",
      "print(\"Para el algoritmo de power iteration  los siguientes son sus resultados\")\n",
      "power(t,matriz_a)\n",
      "print(\"Para el algoritmo de rayleigh  los siguientes son sus resultados\")\n",
      "rayleigh(t,matriz_a)\n",
      "print(\"Para el algoritmo de unshifted qr  los siguientes son sus resultados\")\n",
      "unshiftedqr(matriz_a,6)"
     ],
     "language": "python",
     "metadata": {},
     "outputs": [
      {
       "output_type": "stream",
       "stream": "stdout",
       "text": [
        "Para el algoritmo de power iteration  los siguientes son sus resultados\n",
        "('el valor propios es:', 188.32400790123594)\n",
        "('el vector propio es:', array([ 0.2234647 ,  0.21786955,  0.22732466,  0.25836781,  0.19544841,\n",
        "        0.20597503,  0.18641389,  0.20882768,  0.22948614,  0.24089436,\n",
        "        0.23016629,  0.27512357,  0.2042056 ,  0.19768252,  0.25744274,\n",
        "        0.20672521,  0.23346341,  0.23239697,  0.22628495,  0.19054859]))\n",
        "Para el algoritmo de rayleigh  los siguientes son sus resultados\n",
        "('el valor propios es:', 188.32400790123594)\n",
        "('el vector propio es:', array([-0.2234647 , -0.21786955, -0.22732466, -0.25836781, -0.19544841,\n",
        "       -0.20597503, -0.18641389, -0.20882768, -0.22948614, -0.24089436,\n",
        "       -0.23016629, -0.27512357, -0.2042056 , -0.19768252, -0.25744274,\n",
        "       -0.20672521, -0.23346341, -0.23239697, -0.22628495, -0.19054859]))\n",
        "Para el algoritmo de unshifted qr  los siguientes son sus resultados\n",
        "('El primer valor propios es:', 188.32400790123594)\n",
        "('El segundo valor propios es:', 8.0193221272343482)\n",
        "('El primer vector propio es:', array([ 0.22346471, -0.3370989 ,  0.01080327, -0.45807819, -0.20555681,\n",
        "        0.1162472 , -0.15948057,  0.06108099,  0.28605238, -0.21959198,\n",
        "       -0.23399132, -0.21919044, -0.19552796, -0.08137074, -0.11141932,\n",
        "        0.08768568,  0.20595716,  0.25909483, -0.03868156, -0.36428066]))\n",
        "('El segundo vector propio es:', array([ 0.21786955,  0.16630242, -0.03824866,  0.023134  , -0.1284524 ,\n",
        "       -0.12082475, -0.21438658, -0.22205023, -0.00709432, -0.26080099,\n",
        "        0.21848065, -0.06767068,  0.29828694, -0.43606894, -0.0668566 ,\n",
        "        0.07415581,  0.49809757,  0.02540507, -0.03042383,  0.3706194 ]))\n"
       ]
      },
      {
       "metadata": {},
       "output_type": "pyout",
       "prompt_number": 13,
       "text": [
        "(array([ 188.3240079 ,    8.01932213,    7.24367084,    6.29612476,\n",
        "          6.12723285,    5.04807681,    4.3301382 ,    4.35707678,\n",
        "          3.02277564,    4.03128044,    2.54151341,    2.70335316,\n",
        "          2.22783772,    2.59014386,    1.30435536,    1.05148489,\n",
        "          1.06062979,    0.96179261,    0.71815882,    0.48022403]),\n",
        " array([[  2.23464708e-01,  -3.37098904e-01,   1.08032722e-02,\n",
        "         -4.58078192e-01,  -2.05556810e-01,   1.16247203e-01,\n",
        "         -1.59480575e-01,   6.10809865e-02,   2.86052377e-01,\n",
        "         -2.19591982e-01,  -2.33991323e-01,  -2.19190442e-01,\n",
        "         -1.95527959e-01,  -8.13707366e-02,  -1.11419322e-01,\n",
        "          8.76856769e-02,   2.05957162e-01,   2.59094830e-01,\n",
        "         -3.86815615e-02,  -3.64280659e-01],\n",
        "       [  2.17869551e-01,   1.66302419e-01,  -3.82486573e-02,\n",
        "          2.31339980e-02,  -1.28452403e-01,  -1.20824753e-01,\n",
        "         -2.14386578e-01,  -2.22050228e-01,  -7.09432109e-03,\n",
        "         -2.60800987e-01,   2.18480654e-01,  -6.76706844e-02,\n",
        "          2.98286944e-01,  -4.36068942e-01,  -6.68565966e-02,\n",
        "          7.41558092e-02,   4.98097570e-01,   2.54050675e-02,\n",
        "         -3.04238276e-02,   3.70619405e-01],\n",
        "       [  2.27324654e-01,   2.96500234e-01,   1.73723904e-01,\n",
        "          9.15181431e-02,  -3.36845892e-02,   1.72979613e-01,\n",
        "          1.42396108e-01,  -3.56103736e-02,   2.50389853e-01,\n",
        "         -2.78425872e-01,  -6.54483331e-02,  -2.55851655e-02,\n",
        "         -1.29638309e-01,   1.74552803e-01,   9.99692160e-02,\n",
        "         -4.11884062e-01,  -8.44563236e-02,   8.89963381e-02,\n",
        "         -5.96376696e-01,   1.62679408e-01],\n",
        "       [  2.58367814e-01,  -1.97441231e-01,  -1.73097696e-02,\n",
        "          2.36049466e-01,  -9.69926179e-03,   3.67683563e-01,\n",
        "          4.66246485e-01,   3.10505119e-01,  -2.45523959e-01,\n",
        "         -1.61831555e-01,  -3.09851885e-01,   7.22552786e-03,\n",
        "          1.83356493e-01,  -9.88844673e-02,  -2.33316716e-01,\n",
        "          4.21399543e-02,   1.91603492e-02,   1.56200926e-01,\n",
        "          1.81746008e-01,   2.21855874e-01],\n",
        "       [  1.95448414e-01,  -1.02378184e-01,  -1.70435067e-02,\n",
        "         -2.16015607e-01,   2.43825372e-01,  -1.09266578e-01,\n",
        "         -9.64546419e-02,  -2.10374399e-01,  -4.32594430e-01,\n",
        "         -1.42387326e-01,  -2.68776176e-01,  -4.89543238e-01,\n",
        "          1.69692676e-01,  -4.86252225e-02,   2.82453920e-01,\n",
        "         -1.77158202e-01,  -2.53086949e-01,  -2.30864186e-01,\n",
        "         -1.01792275e-02,   1.81399303e-02],\n",
        "       [  2.05975035e-01,  -1.10037825e-02,  -3.87227060e-01,\n",
        "         -3.02502324e-01,   2.38379363e-01,   1.24881531e-01,\n",
        "          5.07478062e-02,  -1.58013943e-01,  -1.26273144e-01,\n",
        "         -3.10580912e-02,   3.44914331e-01,   2.93683018e-02,\n",
        "         -3.55089102e-02,   2.41392718e-01,  -3.79175260e-01,\n",
        "          3.55992462e-01,  -2.26261577e-01,   5.59195413e-02,\n",
        "         -2.69335349e-01,   1.49667352e-01],\n",
        "       [  1.86413883e-01,   4.78900133e-01,  -2.61227424e-02,\n",
        "         -4.56392386e-02,  -1.01560444e-01,  -2.77858943e-01,\n",
        "          1.52975506e-01,  -6.32736505e-02,  -4.66124616e-01,\n",
        "         -1.43177743e-01,  -2.04160550e-01,   2.64979072e-01,\n",
        "         -1.69375503e-01,   1.15346900e-01,  -3.86534735e-02,\n",
        "          1.10690007e-01,   2.17276159e-01,   9.50718451e-02,\n",
        "          5.31051618e-03,  -3.95640527e-01],\n",
        "       [  2.08827676e-01,  -4.45066678e-02,   1.83362472e-01,\n",
        "          1.77626621e-01,  -1.72083709e-02,   7.89441462e-02,\n",
        "         -5.55524690e-01,   4.38352729e-01,  -3.67159420e-01,\n",
        "         -3.26305922e-02,   2.78121312e-01,  -4.38824356e-02,\n",
        "         -2.81463979e-01,   1.06286677e-01,   7.58640188e-02,\n",
        "         -2.83170461e-02,  -6.22522020e-02,   2.31653835e-01,\n",
        "          3.23780993e-02,   1.05531537e-01],\n",
        "       [  2.29486136e-01,   1.71338442e-01,  -3.89423596e-01,\n",
        "         -1.22410290e-01,   3.51748666e-01,  -7.78744177e-02,\n",
        "          4.64804756e-02,   1.39509611e-01,   1.90972022e-01,\n",
        "          2.42245018e-01,  -2.69713839e-02,  -1.11737183e-01,\n",
        "         -2.13011392e-01,   1.53745725e-01,   7.15471148e-03,\n",
        "         -4.05162464e-01,   3.21802130e-01,   5.93076088e-02,\n",
        "          3.54708877e-01,   1.59536516e-01],\n",
        "       [  2.40894358e-01,   8.66065796e-02,  -7.22358072e-02,\n",
        "         -2.21987105e-01,  -4.86025597e-01,  -9.46780696e-02,\n",
        "         -7.54012848e-02,   1.09378960e-01,  -6.40334662e-02,\n",
        "          3.88905276e-01,  -6.55709921e-02,   1.29428845e-01,\n",
        "          8.12822918e-03,  -2.90537561e-01,  -3.25449368e-01,\n",
        "         -3.08010425e-01,  -3.20047467e-01,  -2.11704376e-01,\n",
        "         -4.49995946e-02,   7.87405297e-02],\n",
        "       [  2.30166294e-01,   8.91403586e-02,   3.08589618e-01,\n",
        "         -1.77392311e-01,   1.50223472e-01,  -2.21688636e-01,\n",
        "          1.07311857e-01,   4.47761939e-01,   2.09787527e-01,\n",
        "         -2.38619182e-01,   2.72554070e-01,   4.47066815e-03,\n",
        "          3.52187973e-01,   1.57772312e-01,  -1.09241821e-01,\n",
        "          2.51685572e-02,  -3.29506062e-02,  -3.74847772e-01,\n",
        "          1.21405981e-01,  -1.88613413e-01],\n",
        "       [  2.75123575e-01,  -1.84328194e-01,   3.33351301e-01,\n",
        "         -1.00520318e-02,   4.40318572e-01,  -8.87308841e-02,\n",
        "         -3.12484949e-02,   1.37861756e-02,   2.47243575e-02,\n",
        "          3.76657962e-01,  -2.46387768e-01,   2.73541498e-01,\n",
        "         -1.63122508e-01,  -2.20676866e-01,   3.10641432e-02,\n",
        "          2.32226914e-01,   1.89058520e-01,  -1.64713090e-01,\n",
        "         -3.10536025e-01,   9.30793303e-02],\n",
        "       [  2.04205595e-01,   1.88344902e-01,  -1.78879123e-01,\n",
        "         -1.56932779e-01,  -2.65488804e-02,   5.31247846e-01,\n",
        "         -2.05434574e-01,   1.94179051e-02,   5.05998718e-02,\n",
        "          1.49918549e-01,  -3.86336966e-02,   3.25972506e-01,\n",
        "          3.92625520e-01,   3.28427506e-02,   4.67588291e-01,\n",
        "          8.13448064e-02,  -1.04913661e-02,  -7.10671183e-03,\n",
        "          4.57990518e-02,  -1.58610162e-01],\n",
        "       [  1.97682523e-01,  -1.39848039e-01,   1.56200692e-01,\n",
        "          1.88275447e-01,   1.72884665e-01,  -8.64710740e-02,\n",
        "         -3.20066452e-01,  -4.16955733e-01,   1.30022053e-01,\n",
        "         -1.53857587e-01,  -1.64075967e-01,   3.40644365e-01,\n",
        "          1.89735735e-01,   1.90856854e-01,  -3.19578203e-01,\n",
        "         -2.24473145e-01,  -2.04825343e-01,   1.87173494e-01,\n",
        "          2.81816525e-01,  -5.44718041e-02],\n",
        "       [  2.57442740e-01,  -3.14927613e-01,  -2.54576471e-01,\n",
        "          1.47884736e-01,   5.45311668e-02,  -2.92377985e-01,\n",
        "          2.65731943e-01,   3.18026164e-03,   3.97510998e-02,\n",
        "         -1.02571653e-01,   3.44253451e-01,   2.14838271e-01,\n",
        "         -4.74035064e-02,  -3.49243887e-01,   3.42660930e-01,\n",
        "         -1.42124814e-01,  -2.08342561e-01,   2.32527772e-01,\n",
        "         -5.01748890e-02,  -2.24026703e-01],\n",
        "       [  2.06725216e-01,  -2.81909570e-01,  -3.78133671e-01,\n",
        "          3.24740756e-01,  -3.11643623e-01,  -2.22277401e-01,\n",
        "         -1.38141079e-01,   5.82960638e-02,   1.00302305e-01,\n",
        "         -9.07777512e-02,  -2.10601131e-01,   5.60719125e-02,\n",
        "         -2.16881518e-02,   3.89551733e-01,   1.27948195e-01,\n",
        "          1.68373436e-01,   1.24517616e-01,  -3.94220488e-01,\n",
        "         -1.23077873e-01,   1.07413894e-01],\n",
        "       [  2.33463414e-01,  -9.42921934e-02,   2.23316827e-01,\n",
        "          3.15070332e-02,  -1.39764940e-01,   3.64936962e-01,\n",
        "          1.79748683e-01,  -3.71754104e-01,  -6.29237421e-02,\n",
        "         -5.68962234e-02,   3.13182728e-01,   8.88427839e-03,\n",
        "         -4.11646854e-01,   1.22209675e-02,   4.82301151e-02,\n",
        "         -4.60116291e-02,   9.63442623e-02,  -4.27724275e-01,\n",
        "          2.95713846e-01,  -5.86106814e-02],\n",
        "       [  2.32396968e-01,   2.59006660e-02,   3.60026030e-02,\n",
        "          4.02191927e-01,  -3.03118292e-02,   6.12071056e-02,\n",
        "          3.38089218e-02,  -1.24642793e-01,  -2.08396719e-04,\n",
        "          4.39563739e-01,   1.63015344e-01,  -4.46626162e-01,\n",
        "          2.59183601e-01,   9.62091406e-02,  -1.74854250e-01,\n",
        "         -3.08834394e-03,   1.38760374e-01,   1.12436788e-01,\n",
        "         -1.67612584e-01,  -4.17912305e-01],\n",
        "       [  2.26284948e-01,   4.04795830e-01,  -3.48346718e-02,\n",
        "          2.25155704e-01,   3.18896713e-02,  -4.27436317e-02,\n",
        "         -5.59516482e-02,  -5.51007778e-04,   3.45249640e-01,\n",
        "         -5.10791163e-02,  -1.67651997e-01,  -2.36262753e-01,\n",
        "         -2.17998670e-01,  -2.31939543e-01,   6.13733358e-02,\n",
        "          4.40521731e-01,  -4.02923355e-01,   2.27242636e-02,\n",
        "          2.39604603e-01,   4.35768425e-02],\n",
        "       [  1.90548589e-01,  -6.32312501e-02,   3.21886856e-01,\n",
        "         -2.38851328e-01,  -2.90820533e-01,  -2.45782666e-01,\n",
        "          2.36199596e-01,  -1.42885936e-01,   2.30072414e-02,\n",
        "          2.54039965e-01,   5.40557725e-02,  -5.44302722e-02,\n",
        "          1.06262183e-01,   3.48813280e-01,   2.78911264e-01,\n",
        "          1.69964691e-01,  -3.12154229e-02,   3.52321874e-01,\n",
        "          1.54949876e-01,   3.43704619e-01]]))"
       ]
      }
     ],
     "prompt_number": 13
    },
    {
     "cell_type": "code",
     "collapsed": false,
     "input": [],
     "language": "python",
     "metadata": {},
     "outputs": [],
     "prompt_number": "*"
    }
   ],
   "metadata": {}
  }
 ]
}